| Node | Preference List |
| --- | --- |
| 1	| 29	27	16	18	24	17	22	30	26	19	25	28	21	23	20 | 
| 2	| 28	26	23	16	27	30	20	22	25	19	29	21	17	18	24 |
| 3	| 20	22	28	26	29	25	18	17	27	19	21	24	16	23	30 |
| 4	| 26	21	27	29	17	23	19	16	25	20	30	22	28	24	18 |
| 5	| 28	26	19	18	16	29	30	22	23	21	17	27	20	24	25 | 
| 6	| 29	27	22	18	30	20	25	16	21	26	23	28	17	19	24 |
| 7	| 17	28	29	19	20	16	22	30	23	24	27	21	26	25	18 |
| 8	| 30	23	24	18	17	21	27	29	22	20	16	19	28	25	26 |
| 9	| 22	17	24	16	18	28	20	19	27	30	25	21	29	26	23 |
| 10	| 22	16	30	25	21	17	23	28	18	26	29	20	27	24	19 |
| 11	| 25	22	29	18	30	21	20	16	28	19	26	24	27	23	17 |
| 12	| 30	21	18	26	29	19	25	22	16	27	28	17	23	24	20 |
| 13	| 25	23	22	26	21	16	30	19	24	27	17	20	29	28	18 |
| 14	| 19	27	16	22	26	20	28	29	25	17	18	24	23	30	21 |
| 15	| 29	27	22	23	26	18	25	17	28	24	16	20	30	19	21 |
| 16	| 11	8	2	4	12	7	5	15	3	10	6	13	1	9	14 |
| 17	| 2	11	10	15	12	9	4	5	14	1	8	7	3	6	13 |
| 18	| 3	11	8	6	12	15	7	1	5	14	9	2	13	10	4 |
| 19	| 6	12	8	15	5	9	2	3	14	11	1	10	4	7	13 |
| 20	| 1	9	12	5	8	11	10	7	2	15	6	3	13	4	14 |
| 21	| 3	10	4	1	15	11	12	14	2	13	5	7	9	8	6 |
| 22	| 1	6	4	14	11	10	12	15	9	5	13	3	2	8	7 |
| 23	| 3	12	15	8	7	13	1	5	11	2	6	4	10	9	14 |
| 24	| 2	4	1	6	12	14	10	11	13	9	15	7	5	3	8 |
| 25	| 12	5	14	1	6	2	3	4	11	15	13	10	7	9	8 |
| 26	| 2	6	15	8	5	1	10	14	11	3	9	12	7	4	13 |
| 27	| 15	12	11	10	3	6	14	2	4	1	13	7	9	5	8 |
| 28	| 9	13	12	10	6	8	4	14	5	2	15	11	7	3	1 |
| 29	| 14	6	1	8	12	7	2	13	5	11	4	15	10	3	9 |
| 30	| 6	3	12	2	8	7	15	4	14	13	10	1	11	5	9 |
